Webots Project File version R2025a
perspectives: 000000ff00000000fd00000003000000000000000000000000fc0100000001fb0000001a0044006f00630075006d0065006e0074006100740069006f006e000000000000000014000000000000000000000001000003ca000003e0fc0200000001fb0000001400540065007800740045006400690074006f00720100000021000003e00000009a00ffffff0000000300000b4000000268fc0100000002fb0000000e0043006f006e0073006f006c006501000000000000073f0000000000000000fb0000001a0043006f006e0073006f006c00650041006c006c0041006c006c010000000000000b400000006900ffffff00000774000003e000000001000000020000000100000008fc00000000
simulationViewPerspectives: 000000ff0000000100000002000001af000003100100000002010000000100
sceneTreePerspectives: 000000ff00000001000000030000002a000000c0000000fa0100000002010000000200
maximizedDockId: -1
centralWidgetVisible: 1
orthographicViewHeight: 1
textFiles: 0 "controllers/youbot_controller_py/youbot_controller_py.py" "controllers/youbot_controller_py/particle_filter.py"
globalOptionalRendering: CameraFrustums::LidarRaysPaths::LidarPointClouds
consoles: Console:All:All
renderingDevicePerspectives: youBot:camera;1;0.0857495;0.854482;0.842927
